SCHED_OTHER: 5898.434232
SCHED_FIFO: 4319.909034
SCHED_RR: 4500.232325
